(kicad_pcb (version 20171130) (host pcbnew "(5.0.0)")

  (general
    (thickness 1.6)
    (drawings 5)
    (tracks 45)
    (zones 0)
    (modules 13)
    (nets 15)
  )

  (page A4)
  (layers
    (0 F.Cu signal hide)
    (31 B.Cu signal)
    (32 B.Adhes user)
    (33 F.Adhes user)
    (34 B.Paste user)
    (35 F.Paste user)
    (36 B.SilkS user)
    (37 F.SilkS user)
    (38 B.Mask user)
    (39 F.Mask user)
    (40 Dwgs.User user)
    (41 Cmts.User user)
    (42 Eco1.User user)
    (43 Eco2.User user)
    (44 Edge.Cuts user)
    (45 Margin user)
    (46 B.CrtYd user)
    (47 F.CrtYd user)
    (48 B.Fab user)
    (49 F.Fab user)
  )

  (setup
    (last_trace_width 1)
    (user_trace_width 1)
    (trace_clearance 0.2)
    (zone_clearance 0.508)
    (zone_45_only no)
    (trace_min 0.2)
    (segment_width 0.2)
    (edge_width 0.1)
    (via_size 0.8)
    (via_drill 0.4)
    (via_min_size 0.4)
    (via_min_drill 0.3)
    (uvia_size 0.3)
    (uvia_drill 0.1)
    (uvias_allowed no)
    (uvia_min_size 0.2)
    (uvia_min_drill 0.1)
    (pcb_text_width 0.3)
    (pcb_text_size 1.5 1.5)
    (mod_edge_width 0.15)
    (mod_text_size 1 1)
    (mod_text_width 0.15)
    (pad_size 1.5 1.5)
    (pad_drill 0.6)
    (pad_to_mask_clearance 0)
    (aux_axis_origin 0 0)
    (visible_elements 7FFFFFFF)
    (pcbplotparams
      (layerselection 0x010fc_ffffffff)
      (usegerberextensions false)
      (usegerberattributes false)
      (usegerberadvancedattributes false)
      (creategerberjobfile false)
      (excludeedgelayer true)
      (linewidth 0.100000)
      (plotframeref false)
      (viasonmask false)
      (mode 1)
      (useauxorigin false)
      (hpglpennumber 1)
      (hpglpenspeed 20)
      (hpglpendiameter 15.000000)
      (psnegative false)
      (psa4output false)
      (plotreference true)
      (plotvalue true)
      (plotinvisibletext false)
      (padsonsilk false)
      (subtractmaskfromsilk false)
      (outputformat 1)
      (mirror false)
      (drillshape 1)
      (scaleselection 1)
      (outputdirectory ""))
  )

  (net 0 "")
  (net 1 /3.3V_VCC)
  (net 2 /GND)
  (net 3 "Net-(LED1-Pad4)")
  (net 4 "Net-(LED1-Pad1)")
  (net 5 "Net-(LED2-Pad4)")
  (net 6 "Net-(LED3-Pad4)")
  (net 7 "Net-(LED4-Pad4)")
  (net 8 "Net-(LED5-Pad4)")
  (net 9 "Net-(LED6-Pad4)")
  (net 10 "Net-(LED7-Pad4)")
  (net 11 "Net-(LED8-Pad4)")
  (net 12 "Net-(LED10-Pad1)")
  (net 13 "Net-(LED10-Pad4)")
  (net 14 "Net-(R1-Pad2)")

  (net_class Default "Dies ist die voreingestellte Netzklasse."
    (clearance 0.2)
    (trace_width 0.25)
    (via_dia 0.8)
    (via_drill 0.4)
    (uvia_dia 0.3)
    (uvia_drill 0.1)
    (add_net /3.3V_VCC)
    (add_net /GND)
    (add_net "Net-(LED1-Pad1)")
    (add_net "Net-(LED1-Pad4)")
    (add_net "Net-(LED10-Pad1)")
    (add_net "Net-(LED10-Pad4)")
    (add_net "Net-(LED2-Pad4)")
    (add_net "Net-(LED3-Pad4)")
    (add_net "Net-(LED4-Pad4)")
    (add_net "Net-(LED5-Pad4)")
    (add_net "Net-(LED6-Pad4)")
    (add_net "Net-(LED7-Pad4)")
    (add_net "Net-(LED8-Pad4)")
    (add_net "Net-(R1-Pad2)")
  )

  (module Capacitor_THT:CP_Axial_L34.5mm_D20.0mm_P41.00mm_Horizontal (layer B.Cu) (tedit 5AE50EF2) (tstamp 5BD06603)
    (at 92.71 88.9)
    (descr "CP, Axial series, Axial, Horizontal, pin pitch=41mm, , length*diameter=34.5*20mm^2, Electrolytic Capacitor, , http://www.kemet.com/Lists/ProductCatalog/Attachments/424/KEM_AC102.pdf")
    (tags "CP Axial series Axial Horizontal pin pitch 41mm  length 34.5mm diameter 20mm Electrolytic Capacitor")
    (path /5BD1C8F3)
    (fp_text reference C1 (at 20.5 11.12) (layer B.SilkS)
      (effects (font (size 1 1) (thickness 0.15)) (justify mirror))
    )
    (fp_text value CP (at 20.5 -11.12) (layer B.Fab)
      (effects (font (size 1 1) (thickness 0.15)) (justify mirror))
    )
    (fp_line (start 3.25 10) (end 3.25 -10) (layer B.Fab) (width 0.1))
    (fp_line (start 37.75 10) (end 37.75 -10) (layer B.Fab) (width 0.1))
    (fp_line (start 3.25 10) (end 5.23 10) (layer B.Fab) (width 0.1))
    (fp_line (start 5.23 10) (end 6.28 8.95) (layer B.Fab) (width 0.1))
    (fp_line (start 6.28 8.95) (end 7.33 10) (layer B.Fab) (width 0.1))
    (fp_line (start 7.33 10) (end 37.75 10) (layer B.Fab) (width 0.1))
    (fp_line (start 3.25 -10) (end 5.23 -10) (layer B.Fab) (width 0.1))
    (fp_line (start 5.23 -10) (end 6.28 -8.95) (layer B.Fab) (width 0.1))
    (fp_line (start 6.28 -8.95) (end 7.33 -10) (layer B.Fab) (width 0.1))
    (fp_line (start 7.33 -10) (end 37.75 -10) (layer B.Fab) (width 0.1))
    (fp_line (start 0 0) (end 3.25 0) (layer B.Fab) (width 0.1))
    (fp_line (start 41 0) (end 37.75 0) (layer B.Fab) (width 0.1))
    (fp_line (start 5.25 0) (end 7.35 0) (layer B.Fab) (width 0.1))
    (fp_line (start 6.3 1.05) (end 6.3 -1.05) (layer B.Fab) (width 0.1))
    (fp_line (start 0.68 3) (end 2.78 3) (layer B.SilkS) (width 0.12))
    (fp_line (start 1.73 4.05) (end 1.73 1.95) (layer B.SilkS) (width 0.12))
    (fp_line (start 3.13 10.12) (end 3.13 -10.12) (layer B.SilkS) (width 0.12))
    (fp_line (start 37.87 10.12) (end 37.87 -10.12) (layer B.SilkS) (width 0.12))
    (fp_line (start 3.13 10.12) (end 5.23 10.12) (layer B.SilkS) (width 0.12))
    (fp_line (start 5.23 10.12) (end 6.28 9.07) (layer B.SilkS) (width 0.12))
    (fp_line (start 6.28 9.07) (end 7.33 10.12) (layer B.SilkS) (width 0.12))
    (fp_line (start 7.33 10.12) (end 37.87 10.12) (layer B.SilkS) (width 0.12))
    (fp_line (start 3.13 -10.12) (end 5.23 -10.12) (layer B.SilkS) (width 0.12))
    (fp_line (start 5.23 -10.12) (end 6.28 -9.07) (layer B.SilkS) (width 0.12))
    (fp_line (start 6.28 -9.07) (end 7.33 -10.12) (layer B.SilkS) (width 0.12))
    (fp_line (start 7.33 -10.12) (end 37.87 -10.12) (layer B.SilkS) (width 0.12))
    (fp_line (start 1.64 0) (end 3.13 0) (layer B.SilkS) (width 0.12))
    (fp_line (start 39.36 0) (end 37.87 0) (layer B.SilkS) (width 0.12))
    (fp_line (start -1.65 10.25) (end -1.65 -10.25) (layer B.CrtYd) (width 0.05))
    (fp_line (start -1.65 -10.25) (end 42.65 -10.25) (layer B.CrtYd) (width 0.05))
    (fp_line (start 42.65 -10.25) (end 42.65 10.25) (layer B.CrtYd) (width 0.05))
    (fp_line (start 42.65 10.25) (end -1.65 10.25) (layer B.CrtYd) (width 0.05))
    (fp_text user %R (at 20.5 0) (layer B.Fab)
      (effects (font (size 1 1) (thickness 0.15)) (justify mirror))
    )
    (pad 1 thru_hole rect (at 0 0) (size 2.8 2.8) (drill 1.4) (layers *.Cu *.Mask)
      (net 1 /3.3V_VCC))
    (pad 2 thru_hole oval (at 41 0) (size 2.8 2.8) (drill 1.4) (layers *.Cu *.Mask)
      (net 2 /GND))
    (model ${KISYS3DMOD}/Capacitor_THT.3dshapes/CP_Axial_L34.5mm_D20.0mm_P41.00mm_Horizontal.wrl
      (at (xyz 0 0 0))
      (scale (xyz 1 1 1))
      (rotate (xyz 0 0 0))
    )
  )

  (module drudenfuss:PL9823-SYSMATT-V4 (layer F.Cu) (tedit 58652109) (tstamp 5BD0661F)
    (at 78.74 81.915 90)
    (path /5BC84B38)
    (fp_text reference LED1 (at 5.715 0 180) (layer F.SilkS)
      (effects (font (size 1.2 1.2) (thickness 0.15)))
    )
    (fp_text value WS2811 (at 0 -1.84 90) (layer F.Fab)
      (effects (font (size 1.2 1.2) (thickness 0.15)))
    )
    (fp_circle (center 0 0) (end 4.4 0) (layer F.SilkS) (width 0.15))
    (fp_circle (center 0 0) (end 4.2 0) (layer F.SilkS) (width 0.15))
    (fp_circle (center 0 0) (end 4.3 0) (layer F.SilkS) (width 0.15))
    (fp_circle (center 0 0) (end 4 0) (layer F.SilkS) (width 0.15))
    (fp_line (start 3.4 2.05) (end 3.475 1.85) (layer F.SilkS) (width 0.15))
    (fp_line (start 3.4 -2.1) (end 3.4 2.05) (layer F.SilkS) (width 0.15))
    (fp_line (start 3.425 -2.025) (end 3.4 -2.1) (layer F.SilkS) (width 0.15))
    (fp_line (start 3.425 1.975) (end 3.425 -2.025) (layer F.SilkS) (width 0.15))
    (fp_line (start 3.525 1.85) (end 3.425 1.975) (layer F.SilkS) (width 0.15))
    (fp_line (start 3.55 -1.875) (end 3.525 1.85) (layer F.SilkS) (width 0.15))
    (fp_line (start 3.86 0.72) (end 3.89 0.76) (layer F.SilkS) (width 0.15))
    (fp_line (start 3.88 -0.37) (end 3.86 0.72) (layer F.SilkS) (width 0.15))
    (fp_line (start 3.73 -1.22) (end 3.88 -0.37) (layer F.SilkS) (width 0.15))
    (fp_line (start 3.78 1.28) (end 3.73 -1.22) (layer F.SilkS) (width 0.15))
    (fp_line (start 3.63 1.5) (end 3.78 1.28) (layer F.SilkS) (width 0.15))
    (fp_line (start 3.64 -1.48) (end 3.63 1.5) (layer F.SilkS) (width 0.15))
    (fp_line (start 0.8 -1.3) (end 0.8 -3.9) (layer F.SilkS) (width 0.15))
    (fp_line (start 0.8 -3.9) (end 0.7 -3.9) (layer F.SilkS) (width 0.15))
    (fp_line (start 0.7 -3.9) (end 0.7 -1.3) (layer F.SilkS) (width 0.15))
    (fp_line (start 0.7 -1.3) (end 0.8 -1.3) (layer F.SilkS) (width 0.15))
    (pad 4 thru_hole oval (at 2.2098 0 90) (size 1.016 1.9812) (drill 0.8) (layers *.Cu *.Mask F.SilkS)
      (net 3 "Net-(LED1-Pad4)"))
    (pad 3 thru_hole oval (at 0.762 0 90) (size 1.016 1.9812) (drill 0.8) (layers *.Cu *.Mask F.SilkS)
      (net 2 /GND))
    (pad 2 thru_hole oval (at -0.6858 0 90) (size 1.016 1.9812) (drill 0.8) (layers *.Cu *.Mask F.SilkS)
      (net 1 /3.3V_VCC))
    (pad 1 thru_hole oval (at -2.1336 0 90) (size 1.016 1.9812) (drill 0.8) (layers *.Cu *.Mask F.SilkS)
      (net 4 "Net-(LED1-Pad1)"))
  )

  (module drudenfuss:PL9823-SYSMATT-V4 (layer F.Cu) (tedit 58652109) (tstamp 5BD0663B)
    (at 88.9 81.915 90)
    (path /5BC84B7E)
    (fp_text reference LED2 (at 5.715 0 180) (layer F.SilkS)
      (effects (font (size 1.2 1.2) (thickness 0.15)))
    )
    (fp_text value WS2811 (at 0 -1.84 90) (layer F.Fab)
      (effects (font (size 1.2 1.2) (thickness 0.15)))
    )
    (fp_line (start 0.7 -1.3) (end 0.8 -1.3) (layer F.SilkS) (width 0.15))
    (fp_line (start 0.7 -3.9) (end 0.7 -1.3) (layer F.SilkS) (width 0.15))
    (fp_line (start 0.8 -3.9) (end 0.7 -3.9) (layer F.SilkS) (width 0.15))
    (fp_line (start 0.8 -1.3) (end 0.8 -3.9) (layer F.SilkS) (width 0.15))
    (fp_line (start 3.64 -1.48) (end 3.63 1.5) (layer F.SilkS) (width 0.15))
    (fp_line (start 3.63 1.5) (end 3.78 1.28) (layer F.SilkS) (width 0.15))
    (fp_line (start 3.78 1.28) (end 3.73 -1.22) (layer F.SilkS) (width 0.15))
    (fp_line (start 3.73 -1.22) (end 3.88 -0.37) (layer F.SilkS) (width 0.15))
    (fp_line (start 3.88 -0.37) (end 3.86 0.72) (layer F.SilkS) (width 0.15))
    (fp_line (start 3.86 0.72) (end 3.89 0.76) (layer F.SilkS) (width 0.15))
    (fp_line (start 3.55 -1.875) (end 3.525 1.85) (layer F.SilkS) (width 0.15))
    (fp_line (start 3.525 1.85) (end 3.425 1.975) (layer F.SilkS) (width 0.15))
    (fp_line (start 3.425 1.975) (end 3.425 -2.025) (layer F.SilkS) (width 0.15))
    (fp_line (start 3.425 -2.025) (end 3.4 -2.1) (layer F.SilkS) (width 0.15))
    (fp_line (start 3.4 -2.1) (end 3.4 2.05) (layer F.SilkS) (width 0.15))
    (fp_line (start 3.4 2.05) (end 3.475 1.85) (layer F.SilkS) (width 0.15))
    (fp_circle (center 0 0) (end 4 0) (layer F.SilkS) (width 0.15))
    (fp_circle (center 0 0) (end 4.3 0) (layer F.SilkS) (width 0.15))
    (fp_circle (center 0 0) (end 4.2 0) (layer F.SilkS) (width 0.15))
    (fp_circle (center 0 0) (end 4.4 0) (layer F.SilkS) (width 0.15))
    (pad 1 thru_hole oval (at -2.1336 0 90) (size 1.016 1.9812) (drill 0.8) (layers *.Cu *.Mask F.SilkS)
      (net 3 "Net-(LED1-Pad4)"))
    (pad 2 thru_hole oval (at -0.6858 0 90) (size 1.016 1.9812) (drill 0.8) (layers *.Cu *.Mask F.SilkS)
      (net 1 /3.3V_VCC))
    (pad 3 thru_hole oval (at 0.762 0 90) (size 1.016 1.9812) (drill 0.8) (layers *.Cu *.Mask F.SilkS)
      (net 2 /GND))
    (pad 4 thru_hole oval (at 2.2098 0 90) (size 1.016 1.9812) (drill 0.8) (layers *.Cu *.Mask F.SilkS)
      (net 5 "Net-(LED2-Pad4)"))
  )

  (module drudenfuss:PL9823-SYSMATT-V4 (layer F.Cu) (tedit 58652109) (tstamp 5BD06657)
    (at 99.06 81.915 90)
    (path /5BC84BA6)
    (fp_text reference LED3 (at 5.715 0 180) (layer F.SilkS)
      (effects (font (size 1.2 1.2) (thickness 0.15)))
    )
    (fp_text value WS2811 (at 0 -1.84 90) (layer F.Fab)
      (effects (font (size 1.2 1.2) (thickness 0.15)))
    )
    (fp_circle (center 0 0) (end 4.4 0) (layer F.SilkS) (width 0.15))
    (fp_circle (center 0 0) (end 4.2 0) (layer F.SilkS) (width 0.15))
    (fp_circle (center 0 0) (end 4.3 0) (layer F.SilkS) (width 0.15))
    (fp_circle (center 0 0) (end 4 0) (layer F.SilkS) (width 0.15))
    (fp_line (start 3.4 2.05) (end 3.475 1.85) (layer F.SilkS) (width 0.15))
    (fp_line (start 3.4 -2.1) (end 3.4 2.05) (layer F.SilkS) (width 0.15))
    (fp_line (start 3.425 -2.025) (end 3.4 -2.1) (layer F.SilkS) (width 0.15))
    (fp_line (start 3.425 1.975) (end 3.425 -2.025) (layer F.SilkS) (width 0.15))
    (fp_line (start 3.525 1.85) (end 3.425 1.975) (layer F.SilkS) (width 0.15))
    (fp_line (start 3.55 -1.875) (end 3.525 1.85) (layer F.SilkS) (width 0.15))
    (fp_line (start 3.86 0.72) (end 3.89 0.76) (layer F.SilkS) (width 0.15))
    (fp_line (start 3.88 -0.37) (end 3.86 0.72) (layer F.SilkS) (width 0.15))
    (fp_line (start 3.73 -1.22) (end 3.88 -0.37) (layer F.SilkS) (width 0.15))
    (fp_line (start 3.78 1.28) (end 3.73 -1.22) (layer F.SilkS) (width 0.15))
    (fp_line (start 3.63 1.5) (end 3.78 1.28) (layer F.SilkS) (width 0.15))
    (fp_line (start 3.64 -1.48) (end 3.63 1.5) (layer F.SilkS) (width 0.15))
    (fp_line (start 0.8 -1.3) (end 0.8 -3.9) (layer F.SilkS) (width 0.15))
    (fp_line (start 0.8 -3.9) (end 0.7 -3.9) (layer F.SilkS) (width 0.15))
    (fp_line (start 0.7 -3.9) (end 0.7 -1.3) (layer F.SilkS) (width 0.15))
    (fp_line (start 0.7 -1.3) (end 0.8 -1.3) (layer F.SilkS) (width 0.15))
    (pad 4 thru_hole oval (at 2.2098 0 90) (size 1.016 1.9812) (drill 0.8) (layers *.Cu *.Mask F.SilkS)
      (net 6 "Net-(LED3-Pad4)"))
    (pad 3 thru_hole oval (at 0.762 0 90) (size 1.016 1.9812) (drill 0.8) (layers *.Cu *.Mask F.SilkS)
      (net 2 /GND))
    (pad 2 thru_hole oval (at -0.6858 0 90) (size 1.016 1.9812) (drill 0.8) (layers *.Cu *.Mask F.SilkS)
      (net 1 /3.3V_VCC))
    (pad 1 thru_hole oval (at -2.1336 0 90) (size 1.016 1.9812) (drill 0.8) (layers *.Cu *.Mask F.SilkS)
      (net 5 "Net-(LED2-Pad4)"))
  )

  (module drudenfuss:PL9823-SYSMATT-V4 (layer F.Cu) (tedit 58652109) (tstamp 5BD06673)
    (at 109.22 81.915 90)
    (path /5BC84C0A)
    (fp_text reference LED4 (at 5.715 0 180) (layer F.SilkS)
      (effects (font (size 1.2 1.2) (thickness 0.15)))
    )
    (fp_text value WS2811 (at 0 -1.84 90) (layer F.Fab)
      (effects (font (size 1.2 1.2) (thickness 0.15)))
    )
    (fp_line (start 0.7 -1.3) (end 0.8 -1.3) (layer F.SilkS) (width 0.15))
    (fp_line (start 0.7 -3.9) (end 0.7 -1.3) (layer F.SilkS) (width 0.15))
    (fp_line (start 0.8 -3.9) (end 0.7 -3.9) (layer F.SilkS) (width 0.15))
    (fp_line (start 0.8 -1.3) (end 0.8 -3.9) (layer F.SilkS) (width 0.15))
    (fp_line (start 3.64 -1.48) (end 3.63 1.5) (layer F.SilkS) (width 0.15))
    (fp_line (start 3.63 1.5) (end 3.78 1.28) (layer F.SilkS) (width 0.15))
    (fp_line (start 3.78 1.28) (end 3.73 -1.22) (layer F.SilkS) (width 0.15))
    (fp_line (start 3.73 -1.22) (end 3.88 -0.37) (layer F.SilkS) (width 0.15))
    (fp_line (start 3.88 -0.37) (end 3.86 0.72) (layer F.SilkS) (width 0.15))
    (fp_line (start 3.86 0.72) (end 3.89 0.76) (layer F.SilkS) (width 0.15))
    (fp_line (start 3.55 -1.875) (end 3.525 1.85) (layer F.SilkS) (width 0.15))
    (fp_line (start 3.525 1.85) (end 3.425 1.975) (layer F.SilkS) (width 0.15))
    (fp_line (start 3.425 1.975) (end 3.425 -2.025) (layer F.SilkS) (width 0.15))
    (fp_line (start 3.425 -2.025) (end 3.4 -2.1) (layer F.SilkS) (width 0.15))
    (fp_line (start 3.4 -2.1) (end 3.4 2.05) (layer F.SilkS) (width 0.15))
    (fp_line (start 3.4 2.05) (end 3.475 1.85) (layer F.SilkS) (width 0.15))
    (fp_circle (center 0 0) (end 4 0) (layer F.SilkS) (width 0.15))
    (fp_circle (center 0 0) (end 4.3 0) (layer F.SilkS) (width 0.15))
    (fp_circle (center 0 0) (end 4.2 0) (layer F.SilkS) (width 0.15))
    (fp_circle (center 0 0) (end 4.4 0) (layer F.SilkS) (width 0.15))
    (pad 1 thru_hole oval (at -2.1336 0 90) (size 1.016 1.9812) (drill 0.8) (layers *.Cu *.Mask F.SilkS)
      (net 6 "Net-(LED3-Pad4)"))
    (pad 2 thru_hole oval (at -0.6858 0 90) (size 1.016 1.9812) (drill 0.8) (layers *.Cu *.Mask F.SilkS)
      (net 1 /3.3V_VCC))
    (pad 3 thru_hole oval (at 0.762 0 90) (size 1.016 1.9812) (drill 0.8) (layers *.Cu *.Mask F.SilkS)
      (net 2 /GND))
    (pad 4 thru_hole oval (at 2.2098 0 90) (size 1.016 1.9812) (drill 0.8) (layers *.Cu *.Mask F.SilkS)
      (net 7 "Net-(LED4-Pad4)"))
  )

  (module drudenfuss:PL9823-SYSMATT-V4 (layer F.Cu) (tedit 58652109) (tstamp 5BD0668F)
    (at 119.38 81.915 90)
    (path /5BC84C7C)
    (fp_text reference LED5 (at 5.715 0 180) (layer F.SilkS)
      (effects (font (size 1.2 1.2) (thickness 0.15)))
    )
    (fp_text value WS2811 (at 0 -1.84 90) (layer F.Fab)
      (effects (font (size 1.2 1.2) (thickness 0.15)))
    )
    (fp_circle (center 0 0) (end 4.4 0) (layer F.SilkS) (width 0.15))
    (fp_circle (center 0 0) (end 4.2 0) (layer F.SilkS) (width 0.15))
    (fp_circle (center 0 0) (end 4.3 0) (layer F.SilkS) (width 0.15))
    (fp_circle (center 0 0) (end 4 0) (layer F.SilkS) (width 0.15))
    (fp_line (start 3.4 2.05) (end 3.475 1.85) (layer F.SilkS) (width 0.15))
    (fp_line (start 3.4 -2.1) (end 3.4 2.05) (layer F.SilkS) (width 0.15))
    (fp_line (start 3.425 -2.025) (end 3.4 -2.1) (layer F.SilkS) (width 0.15))
    (fp_line (start 3.425 1.975) (end 3.425 -2.025) (layer F.SilkS) (width 0.15))
    (fp_line (start 3.525 1.85) (end 3.425 1.975) (layer F.SilkS) (width 0.15))
    (fp_line (start 3.55 -1.875) (end 3.525 1.85) (layer F.SilkS) (width 0.15))
    (fp_line (start 3.86 0.72) (end 3.89 0.76) (layer F.SilkS) (width 0.15))
    (fp_line (start 3.88 -0.37) (end 3.86 0.72) (layer F.SilkS) (width 0.15))
    (fp_line (start 3.73 -1.22) (end 3.88 -0.37) (layer F.SilkS) (width 0.15))
    (fp_line (start 3.78 1.28) (end 3.73 -1.22) (layer F.SilkS) (width 0.15))
    (fp_line (start 3.63 1.5) (end 3.78 1.28) (layer F.SilkS) (width 0.15))
    (fp_line (start 3.64 -1.48) (end 3.63 1.5) (layer F.SilkS) (width 0.15))
    (fp_line (start 0.8 -1.3) (end 0.8 -3.9) (layer F.SilkS) (width 0.15))
    (fp_line (start 0.8 -3.9) (end 0.7 -3.9) (layer F.SilkS) (width 0.15))
    (fp_line (start 0.7 -3.9) (end 0.7 -1.3) (layer F.SilkS) (width 0.15))
    (fp_line (start 0.7 -1.3) (end 0.8 -1.3) (layer F.SilkS) (width 0.15))
    (pad 4 thru_hole oval (at 2.2098 0 90) (size 1.016 1.9812) (drill 0.8) (layers *.Cu *.Mask F.SilkS)
      (net 8 "Net-(LED5-Pad4)"))
    (pad 3 thru_hole oval (at 0.762 0 90) (size 1.016 1.9812) (drill 0.8) (layers *.Cu *.Mask F.SilkS)
      (net 2 /GND))
    (pad 2 thru_hole oval (at -0.6858 0 90) (size 1.016 1.9812) (drill 0.8) (layers *.Cu *.Mask F.SilkS)
      (net 1 /3.3V_VCC))
    (pad 1 thru_hole oval (at -2.1336 0 90) (size 1.016 1.9812) (drill 0.8) (layers *.Cu *.Mask F.SilkS)
      (net 7 "Net-(LED4-Pad4)"))
  )

  (module drudenfuss:PL9823-SYSMATT-V4 (layer F.Cu) (tedit 58652109) (tstamp 5BD066AB)
    (at 119.38 95.885 90)
    (path /5BC84D48)
    (fp_text reference LED6 (at -5.715 0 180) (layer F.SilkS)
      (effects (font (size 1.2 1.2) (thickness 0.15)))
    )
    (fp_text value WS2811 (at 0 -1.84 90) (layer F.Fab)
      (effects (font (size 1.2 1.2) (thickness 0.15)))
    )
    (fp_line (start 0.7 -1.3) (end 0.8 -1.3) (layer F.SilkS) (width 0.15))
    (fp_line (start 0.7 -3.9) (end 0.7 -1.3) (layer F.SilkS) (width 0.15))
    (fp_line (start 0.8 -3.9) (end 0.7 -3.9) (layer F.SilkS) (width 0.15))
    (fp_line (start 0.8 -1.3) (end 0.8 -3.9) (layer F.SilkS) (width 0.15))
    (fp_line (start 3.64 -1.48) (end 3.63 1.5) (layer F.SilkS) (width 0.15))
    (fp_line (start 3.63 1.5) (end 3.78 1.28) (layer F.SilkS) (width 0.15))
    (fp_line (start 3.78 1.28) (end 3.73 -1.22) (layer F.SilkS) (width 0.15))
    (fp_line (start 3.73 -1.22) (end 3.88 -0.37) (layer F.SilkS) (width 0.15))
    (fp_line (start 3.88 -0.37) (end 3.86 0.72) (layer F.SilkS) (width 0.15))
    (fp_line (start 3.86 0.72) (end 3.89 0.76) (layer F.SilkS) (width 0.15))
    (fp_line (start 3.55 -1.875) (end 3.525 1.85) (layer F.SilkS) (width 0.15))
    (fp_line (start 3.525 1.85) (end 3.425 1.975) (layer F.SilkS) (width 0.15))
    (fp_line (start 3.425 1.975) (end 3.425 -2.025) (layer F.SilkS) (width 0.15))
    (fp_line (start 3.425 -2.025) (end 3.4 -2.1) (layer F.SilkS) (width 0.15))
    (fp_line (start 3.4 -2.1) (end 3.4 2.05) (layer F.SilkS) (width 0.15))
    (fp_line (start 3.4 2.05) (end 3.475 1.85) (layer F.SilkS) (width 0.15))
    (fp_circle (center 0 0) (end 4 0) (layer F.SilkS) (width 0.15))
    (fp_circle (center 0 0) (end 4.3 0) (layer F.SilkS) (width 0.15))
    (fp_circle (center 0 0) (end 4.2 0) (layer F.SilkS) (width 0.15))
    (fp_circle (center 0 0) (end 4.4 0) (layer F.SilkS) (width 0.15))
    (pad 1 thru_hole oval (at -2.1336 0 90) (size 1.016 1.9812) (drill 0.8) (layers *.Cu *.Mask F.SilkS)
      (net 8 "Net-(LED5-Pad4)"))
    (pad 2 thru_hole oval (at -0.6858 0 90) (size 1.016 1.9812) (drill 0.8) (layers *.Cu *.Mask F.SilkS)
      (net 1 /3.3V_VCC))
    (pad 3 thru_hole oval (at 0.762 0 90) (size 1.016 1.9812) (drill 0.8) (layers *.Cu *.Mask F.SilkS)
      (net 2 /GND))
    (pad 4 thru_hole oval (at 2.2098 0 90) (size 1.016 1.9812) (drill 0.8) (layers *.Cu *.Mask F.SilkS)
      (net 9 "Net-(LED6-Pad4)"))
  )

  (module drudenfuss:PL9823-SYSMATT-V4 (layer F.Cu) (tedit 58652109) (tstamp 5BD066C7)
    (at 109.22 95.885 90)
    (path /5BC84D9A)
    (fp_text reference LED7 (at -5.715 0 180) (layer F.SilkS)
      (effects (font (size 1.2 1.2) (thickness 0.15)))
    )
    (fp_text value WS2811 (at 0 -1.84 90) (layer F.Fab)
      (effects (font (size 1.2 1.2) (thickness 0.15)))
    )
    (fp_circle (center 0 0) (end 4.4 0) (layer F.SilkS) (width 0.15))
    (fp_circle (center 0 0) (end 4.2 0) (layer F.SilkS) (width 0.15))
    (fp_circle (center 0 0) (end 4.3 0) (layer F.SilkS) (width 0.15))
    (fp_circle (center 0 0) (end 4 0) (layer F.SilkS) (width 0.15))
    (fp_line (start 3.4 2.05) (end 3.475 1.85) (layer F.SilkS) (width 0.15))
    (fp_line (start 3.4 -2.1) (end 3.4 2.05) (layer F.SilkS) (width 0.15))
    (fp_line (start 3.425 -2.025) (end 3.4 -2.1) (layer F.SilkS) (width 0.15))
    (fp_line (start 3.425 1.975) (end 3.425 -2.025) (layer F.SilkS) (width 0.15))
    (fp_line (start 3.525 1.85) (end 3.425 1.975) (layer F.SilkS) (width 0.15))
    (fp_line (start 3.55 -1.875) (end 3.525 1.85) (layer F.SilkS) (width 0.15))
    (fp_line (start 3.86 0.72) (end 3.89 0.76) (layer F.SilkS) (width 0.15))
    (fp_line (start 3.88 -0.37) (end 3.86 0.72) (layer F.SilkS) (width 0.15))
    (fp_line (start 3.73 -1.22) (end 3.88 -0.37) (layer F.SilkS) (width 0.15))
    (fp_line (start 3.78 1.28) (end 3.73 -1.22) (layer F.SilkS) (width 0.15))
    (fp_line (start 3.63 1.5) (end 3.78 1.28) (layer F.SilkS) (width 0.15))
    (fp_line (start 3.64 -1.48) (end 3.63 1.5) (layer F.SilkS) (width 0.15))
    (fp_line (start 0.8 -1.3) (end 0.8 -3.9) (layer F.SilkS) (width 0.15))
    (fp_line (start 0.8 -3.9) (end 0.7 -3.9) (layer F.SilkS) (width 0.15))
    (fp_line (start 0.7 -3.9) (end 0.7 -1.3) (layer F.SilkS) (width 0.15))
    (fp_line (start 0.7 -1.3) (end 0.8 -1.3) (layer F.SilkS) (width 0.15))
    (pad 4 thru_hole oval (at 2.2098 0 90) (size 1.016 1.9812) (drill 0.8) (layers *.Cu *.Mask F.SilkS)
      (net 10 "Net-(LED7-Pad4)"))
    (pad 3 thru_hole oval (at 0.762 0 90) (size 1.016 1.9812) (drill 0.8) (layers *.Cu *.Mask F.SilkS)
      (net 2 /GND))
    (pad 2 thru_hole oval (at -0.6858 0 90) (size 1.016 1.9812) (drill 0.8) (layers *.Cu *.Mask F.SilkS)
      (net 1 /3.3V_VCC))
    (pad 1 thru_hole oval (at -2.1336 0 90) (size 1.016 1.9812) (drill 0.8) (layers *.Cu *.Mask F.SilkS)
      (net 9 "Net-(LED6-Pad4)"))
  )

  (module drudenfuss:PL9823-SYSMATT-V4 (layer F.Cu) (tedit 58652109) (tstamp 5BD066E3)
    (at 99.06 95.885 90)
    (path /5BC84DDC)
    (fp_text reference LED8 (at -5.715 0 180) (layer F.SilkS)
      (effects (font (size 1.2 1.2) (thickness 0.15)))
    )
    (fp_text value WS2811 (at 0 -1.84 90) (layer F.Fab)
      (effects (font (size 1.2 1.2) (thickness 0.15)))
    )
    (fp_line (start 0.7 -1.3) (end 0.8 -1.3) (layer F.SilkS) (width 0.15))
    (fp_line (start 0.7 -3.9) (end 0.7 -1.3) (layer F.SilkS) (width 0.15))
    (fp_line (start 0.8 -3.9) (end 0.7 -3.9) (layer F.SilkS) (width 0.15))
    (fp_line (start 0.8 -1.3) (end 0.8 -3.9) (layer F.SilkS) (width 0.15))
    (fp_line (start 3.64 -1.48) (end 3.63 1.5) (layer F.SilkS) (width 0.15))
    (fp_line (start 3.63 1.5) (end 3.78 1.28) (layer F.SilkS) (width 0.15))
    (fp_line (start 3.78 1.28) (end 3.73 -1.22) (layer F.SilkS) (width 0.15))
    (fp_line (start 3.73 -1.22) (end 3.88 -0.37) (layer F.SilkS) (width 0.15))
    (fp_line (start 3.88 -0.37) (end 3.86 0.72) (layer F.SilkS) (width 0.15))
    (fp_line (start 3.86 0.72) (end 3.89 0.76) (layer F.SilkS) (width 0.15))
    (fp_line (start 3.55 -1.875) (end 3.525 1.85) (layer F.SilkS) (width 0.15))
    (fp_line (start 3.525 1.85) (end 3.425 1.975) (layer F.SilkS) (width 0.15))
    (fp_line (start 3.425 1.975) (end 3.425 -2.025) (layer F.SilkS) (width 0.15))
    (fp_line (start 3.425 -2.025) (end 3.4 -2.1) (layer F.SilkS) (width 0.15))
    (fp_line (start 3.4 -2.1) (end 3.4 2.05) (layer F.SilkS) (width 0.15))
    (fp_line (start 3.4 2.05) (end 3.475 1.85) (layer F.SilkS) (width 0.15))
    (fp_circle (center 0 0) (end 4 0) (layer F.SilkS) (width 0.15))
    (fp_circle (center 0 0) (end 4.3 0) (layer F.SilkS) (width 0.15))
    (fp_circle (center 0 0) (end 4.2 0) (layer F.SilkS) (width 0.15))
    (fp_circle (center 0 0) (end 4.4 0) (layer F.SilkS) (width 0.15))
    (pad 1 thru_hole oval (at -2.1336 0 90) (size 1.016 1.9812) (drill 0.8) (layers *.Cu *.Mask F.SilkS)
      (net 10 "Net-(LED7-Pad4)"))
    (pad 2 thru_hole oval (at -0.6858 0 90) (size 1.016 1.9812) (drill 0.8) (layers *.Cu *.Mask F.SilkS)
      (net 1 /3.3V_VCC))
    (pad 3 thru_hole oval (at 0.762 0 90) (size 1.016 1.9812) (drill 0.8) (layers *.Cu *.Mask F.SilkS)
      (net 2 /GND))
    (pad 4 thru_hole oval (at 2.2098 0 90) (size 1.016 1.9812) (drill 0.8) (layers *.Cu *.Mask F.SilkS)
      (net 11 "Net-(LED8-Pad4)"))
  )

  (module drudenfuss:PL9823-SYSMATT-V4 (layer F.Cu) (tedit 58652109) (tstamp 5BD066FF)
    (at 88.9 95.885 90)
    (path /5BC84E16)
    (fp_text reference LED9 (at -5.715 0 180) (layer F.SilkS)
      (effects (font (size 1.2 1.2) (thickness 0.15)))
    )
    (fp_text value WS2811 (at 0 -1.84 90) (layer F.Fab)
      (effects (font (size 1.2 1.2) (thickness 0.15)))
    )
    (fp_circle (center 0 0) (end 4.4 0) (layer F.SilkS) (width 0.15))
    (fp_circle (center 0 0) (end 4.2 0) (layer F.SilkS) (width 0.15))
    (fp_circle (center 0 0) (end 4.3 0) (layer F.SilkS) (width 0.15))
    (fp_circle (center 0 0) (end 4 0) (layer F.SilkS) (width 0.15))
    (fp_line (start 3.4 2.05) (end 3.475 1.85) (layer F.SilkS) (width 0.15))
    (fp_line (start 3.4 -2.1) (end 3.4 2.05) (layer F.SilkS) (width 0.15))
    (fp_line (start 3.425 -2.025) (end 3.4 -2.1) (layer F.SilkS) (width 0.15))
    (fp_line (start 3.425 1.975) (end 3.425 -2.025) (layer F.SilkS) (width 0.15))
    (fp_line (start 3.525 1.85) (end 3.425 1.975) (layer F.SilkS) (width 0.15))
    (fp_line (start 3.55 -1.875) (end 3.525 1.85) (layer F.SilkS) (width 0.15))
    (fp_line (start 3.86 0.72) (end 3.89 0.76) (layer F.SilkS) (width 0.15))
    (fp_line (start 3.88 -0.37) (end 3.86 0.72) (layer F.SilkS) (width 0.15))
    (fp_line (start 3.73 -1.22) (end 3.88 -0.37) (layer F.SilkS) (width 0.15))
    (fp_line (start 3.78 1.28) (end 3.73 -1.22) (layer F.SilkS) (width 0.15))
    (fp_line (start 3.63 1.5) (end 3.78 1.28) (layer F.SilkS) (width 0.15))
    (fp_line (start 3.64 -1.48) (end 3.63 1.5) (layer F.SilkS) (width 0.15))
    (fp_line (start 0.8 -1.3) (end 0.8 -3.9) (layer F.SilkS) (width 0.15))
    (fp_line (start 0.8 -3.9) (end 0.7 -3.9) (layer F.SilkS) (width 0.15))
    (fp_line (start 0.7 -3.9) (end 0.7 -1.3) (layer F.SilkS) (width 0.15))
    (fp_line (start 0.7 -1.3) (end 0.8 -1.3) (layer F.SilkS) (width 0.15))
    (pad 4 thru_hole oval (at 2.2098 0 90) (size 1.016 1.9812) (drill 0.8) (layers *.Cu *.Mask F.SilkS)
      (net 12 "Net-(LED10-Pad1)"))
    (pad 3 thru_hole oval (at 0.762 0 90) (size 1.016 1.9812) (drill 0.8) (layers *.Cu *.Mask F.SilkS)
      (net 2 /GND))
    (pad 2 thru_hole oval (at -0.6858 0 90) (size 1.016 1.9812) (drill 0.8) (layers *.Cu *.Mask F.SilkS)
      (net 1 /3.3V_VCC))
    (pad 1 thru_hole oval (at -2.1336 0 90) (size 1.016 1.9812) (drill 0.8) (layers *.Cu *.Mask F.SilkS)
      (net 11 "Net-(LED8-Pad4)"))
  )

  (module drudenfuss:PL9823-SYSMATT-V4 (layer F.Cu) (tedit 58652109) (tstamp 5BD0671B)
    (at 78.74 95.885 90)
    (path /5BC84E40)
    (fp_text reference LED10 (at -5.715 0 180) (layer F.SilkS)
      (effects (font (size 1.2 1.2) (thickness 0.15)))
    )
    (fp_text value WS2811 (at 0 -1.84 90) (layer F.Fab)
      (effects (font (size 1.2 1.2) (thickness 0.15)))
    )
    (fp_line (start 0.7 -1.3) (end 0.8 -1.3) (layer F.SilkS) (width 0.15))
    (fp_line (start 0.7 -3.9) (end 0.7 -1.3) (layer F.SilkS) (width 0.15))
    (fp_line (start 0.8 -3.9) (end 0.7 -3.9) (layer F.SilkS) (width 0.15))
    (fp_line (start 0.8 -1.3) (end 0.8 -3.9) (layer F.SilkS) (width 0.15))
    (fp_line (start 3.64 -1.48) (end 3.63 1.5) (layer F.SilkS) (width 0.15))
    (fp_line (start 3.63 1.5) (end 3.78 1.28) (layer F.SilkS) (width 0.15))
    (fp_line (start 3.78 1.28) (end 3.73 -1.22) (layer F.SilkS) (width 0.15))
    (fp_line (start 3.73 -1.22) (end 3.88 -0.37) (layer F.SilkS) (width 0.15))
    (fp_line (start 3.88 -0.37) (end 3.86 0.72) (layer F.SilkS) (width 0.15))
    (fp_line (start 3.86 0.72) (end 3.89 0.76) (layer F.SilkS) (width 0.15))
    (fp_line (start 3.55 -1.875) (end 3.525 1.85) (layer F.SilkS) (width 0.15))
    (fp_line (start 3.525 1.85) (end 3.425 1.975) (layer F.SilkS) (width 0.15))
    (fp_line (start 3.425 1.975) (end 3.425 -2.025) (layer F.SilkS) (width 0.15))
    (fp_line (start 3.425 -2.025) (end 3.4 -2.1) (layer F.SilkS) (width 0.15))
    (fp_line (start 3.4 -2.1) (end 3.4 2.05) (layer F.SilkS) (width 0.15))
    (fp_line (start 3.4 2.05) (end 3.475 1.85) (layer F.SilkS) (width 0.15))
    (fp_circle (center 0 0) (end 4 0) (layer F.SilkS) (width 0.15))
    (fp_circle (center 0 0) (end 4.3 0) (layer F.SilkS) (width 0.15))
    (fp_circle (center 0 0) (end 4.2 0) (layer F.SilkS) (width 0.15))
    (fp_circle (center 0 0) (end 4.4 0) (layer F.SilkS) (width 0.15))
    (pad 1 thru_hole oval (at -2.1336 0 90) (size 1.016 1.9812) (drill 0.8) (layers *.Cu *.Mask F.SilkS)
      (net 12 "Net-(LED10-Pad1)"))
    (pad 2 thru_hole oval (at -0.6858 0 90) (size 1.016 1.9812) (drill 0.8) (layers *.Cu *.Mask F.SilkS)
      (net 1 /3.3V_VCC))
    (pad 3 thru_hole oval (at 0.762 0 90) (size 1.016 1.9812) (drill 0.8) (layers *.Cu *.Mask F.SilkS)
      (net 2 /GND))
    (pad 4 thru_hole oval (at 2.2098 0 90) (size 1.016 1.9812) (drill 0.8) (layers *.Cu *.Mask F.SilkS)
      (net 13 "Net-(LED10-Pad4)"))
  )

  (module Resistor_THT:R_Axial_DIN0309_L9.0mm_D3.2mm_P12.70mm_Horizontal (layer F.Cu) (tedit 5AE5139B) (tstamp 5BD06732)
    (at 88.9 88.9 180)
    (descr "Resistor, Axial_DIN0309 series, Axial, Horizontal, pin pitch=12.7mm, 0.5W = 1/2W, length*diameter=9*3.2mm^2, http://cdn-reichelt.de/documents/datenblatt/B400/1_4W%23YAG.pdf")
    (tags "Resistor Axial_DIN0309 series Axial Horizontal pin pitch 12.7mm 0.5W = 1/2W length 9mm diameter 3.2mm")
    (path /5BC7E983)
    (fp_text reference R1 (at 6.35 -2.72 180) (layer F.SilkS)
      (effects (font (size 1 1) (thickness 0.15)))
    )
    (fp_text value 220_Ohm (at 6.35 2.72 180) (layer F.Fab)
      (effects (font (size 1 1) (thickness 0.15)))
    )
    (fp_line (start 1.85 -1.6) (end 1.85 1.6) (layer F.Fab) (width 0.1))
    (fp_line (start 1.85 1.6) (end 10.85 1.6) (layer F.Fab) (width 0.1))
    (fp_line (start 10.85 1.6) (end 10.85 -1.6) (layer F.Fab) (width 0.1))
    (fp_line (start 10.85 -1.6) (end 1.85 -1.6) (layer F.Fab) (width 0.1))
    (fp_line (start 0 0) (end 1.85 0) (layer F.Fab) (width 0.1))
    (fp_line (start 12.7 0) (end 10.85 0) (layer F.Fab) (width 0.1))
    (fp_line (start 1.73 -1.72) (end 1.73 1.72) (layer F.SilkS) (width 0.12))
    (fp_line (start 1.73 1.72) (end 10.97 1.72) (layer F.SilkS) (width 0.12))
    (fp_line (start 10.97 1.72) (end 10.97 -1.72) (layer F.SilkS) (width 0.12))
    (fp_line (start 10.97 -1.72) (end 1.73 -1.72) (layer F.SilkS) (width 0.12))
    (fp_line (start 1.04 0) (end 1.73 0) (layer F.SilkS) (width 0.12))
    (fp_line (start 11.66 0) (end 10.97 0) (layer F.SilkS) (width 0.12))
    (fp_line (start -1.05 -1.85) (end -1.05 1.85) (layer F.CrtYd) (width 0.05))
    (fp_line (start -1.05 1.85) (end 13.75 1.85) (layer F.CrtYd) (width 0.05))
    (fp_line (start 13.75 1.85) (end 13.75 -1.85) (layer F.CrtYd) (width 0.05))
    (fp_line (start 13.75 -1.85) (end -1.05 -1.85) (layer F.CrtYd) (width 0.05))
    (fp_text user %R (at 6.35 0 180) (layer F.Fab)
      (effects (font (size 1 1) (thickness 0.15)))
    )
    (pad 1 thru_hole circle (at 0 0 180) (size 1.6 1.6) (drill 0.8) (layers *.Cu *.Mask)
      (net 4 "Net-(LED1-Pad1)"))
    (pad 2 thru_hole oval (at 12.7 0 180) (size 1.6 1.6) (drill 0.8) (layers *.Cu *.Mask)
      (net 14 "Net-(R1-Pad2)"))
    (model ${KISYS3DMOD}/Resistor_THT.3dshapes/R_Axial_DIN0309_L9.0mm_D3.2mm_P12.70mm_Horizontal.wrl
      (at (xyz 0 0 0))
      (scale (xyz 1 1 1))
      (rotate (xyz 0 0 0))
    )
  )

  (module TerminalBlock_MetzConnect:TerminalBlock_MetzConnect_Type011_RT05503HBWC_1x03_P5.00mm_Horizontal (layer F.Cu) (tedit 5B294E99) (tstamp 5BD06767)
    (at 69.1388 93.98 90)
    (descr "terminal block Metz Connect Type011_RT05503HBWC, 3 pins, pitch 5mm, size 15x10.5mm^2, drill diamater 1.4mm, pad diameter 2.8mm, see http://www.metz-connect.com/de/system/files/productfiles/Datenblatt_310111_RT055xxHBLC_OFF-022717S.pdf, script-generated using https://github.com/pointhi/kicad-footprint-generator/scripts/TerminalBlock_MetzConnect")
    (tags "THT terminal block Metz Connect Type011_RT05503HBWC pitch 5mm size 15x10.5mm^2 drill 1.4mm pad 2.8mm")
    (path /5BC75CE2)
    (fp_text reference X1 (at 13.97 -1.0668 180) (layer F.SilkS)
      (effects (font (size 1 1) (thickness 0.15)))
    )
    (fp_text value "LED Terminal" (at 5 5.06 90) (layer F.Fab)
      (effects (font (size 1 1) (thickness 0.15)))
    )
    (fp_arc (start 0 0) (end 0 1.78) (angle -23) (layer F.SilkS) (width 0.12))
    (fp_arc (start 0 0) (end 1.639 0.696) (angle -46) (layer F.SilkS) (width 0.12))
    (fp_arc (start 0 0) (end 0.696 -1.639) (angle -46) (layer F.SilkS) (width 0.12))
    (fp_arc (start 0 0) (end -1.639 -0.696) (angle -46) (layer F.SilkS) (width 0.12))
    (fp_arc (start 0 0) (end -0.696 1.639) (angle -24) (layer F.SilkS) (width 0.12))
    (fp_circle (center 0 0) (end 1.6 0) (layer F.Fab) (width 0.1))
    (fp_circle (center 5 0) (end 6.6 0) (layer F.Fab) (width 0.1))
    (fp_circle (center 5 0) (end 6.78 0) (layer F.SilkS) (width 0.12))
    (fp_circle (center 10 0) (end 11.6 0) (layer F.Fab) (width 0.1))
    (fp_circle (center 10 0) (end 11.78 0) (layer F.SilkS) (width 0.12))
    (fp_line (start -2.5 -6.5) (end 12.5 -6.5) (layer F.Fab) (width 0.1))
    (fp_line (start 12.5 -6.5) (end 12.5 4) (layer F.Fab) (width 0.1))
    (fp_line (start 12.5 4) (end -0.5 4) (layer F.Fab) (width 0.1))
    (fp_line (start -0.5 4) (end -2.5 2) (layer F.Fab) (width 0.1))
    (fp_line (start -2.5 2) (end -2.5 -6.5) (layer F.Fab) (width 0.1))
    (fp_line (start -2.5 2) (end 12.5 2) (layer F.Fab) (width 0.1))
    (fp_line (start -2.56 2) (end 12.56 2) (layer F.SilkS) (width 0.12))
    (fp_line (start -2.5 -2) (end 12.5 -2) (layer F.Fab) (width 0.1))
    (fp_line (start -2.56 -2) (end 12.56 -2) (layer F.SilkS) (width 0.12))
    (fp_line (start -2.5 -3) (end 12.5 -3) (layer F.Fab) (width 0.1))
    (fp_line (start -2.56 -3) (end 12.56 -3) (layer F.SilkS) (width 0.12))
    (fp_line (start -2.56 -6.56) (end 12.56 -6.56) (layer F.SilkS) (width 0.12))
    (fp_line (start -2.56 4.06) (end 12.56 4.06) (layer F.SilkS) (width 0.12))
    (fp_line (start -2.56 -6.56) (end -2.56 4.06) (layer F.SilkS) (width 0.12))
    (fp_line (start 12.56 -6.56) (end 12.56 4.06) (layer F.SilkS) (width 0.12))
    (fp_line (start 1.214 -1.019) (end -1.019 1.214) (layer F.Fab) (width 0.1))
    (fp_line (start 1.019 -1.214) (end -1.214 1.018) (layer F.Fab) (width 0.1))
    (fp_line (start 6.214 -1.019) (end 3.982 1.214) (layer F.Fab) (width 0.1))
    (fp_line (start 6.019 -1.214) (end 3.787 1.018) (layer F.Fab) (width 0.1))
    (fp_line (start 6.35 -1.133) (end 6.301 -1.083) (layer F.SilkS) (width 0.12))
    (fp_line (start 3.892 1.325) (end 3.868 1.35) (layer F.SilkS) (width 0.12))
    (fp_line (start 6.133 -1.35) (end 6.108 -1.326) (layer F.SilkS) (width 0.12))
    (fp_line (start 3.7 1.083) (end 3.65 1.133) (layer F.SilkS) (width 0.12))
    (fp_line (start 11.214 -1.019) (end 8.982 1.214) (layer F.Fab) (width 0.1))
    (fp_line (start 11.019 -1.214) (end 8.787 1.018) (layer F.Fab) (width 0.1))
    (fp_line (start 11.35 -1.133) (end 11.301 -1.083) (layer F.SilkS) (width 0.12))
    (fp_line (start 8.892 1.325) (end 8.868 1.35) (layer F.SilkS) (width 0.12))
    (fp_line (start 11.133 -1.35) (end 11.108 -1.326) (layer F.SilkS) (width 0.12))
    (fp_line (start 8.7 1.083) (end 8.65 1.133) (layer F.SilkS) (width 0.12))
    (fp_line (start -2.8 2.06) (end -2.8 4.3) (layer F.SilkS) (width 0.12))
    (fp_line (start -2.8 4.3) (end -0.8 4.3) (layer F.SilkS) (width 0.12))
    (fp_line (start -3 -7) (end -3 4.5) (layer F.CrtYd) (width 0.05))
    (fp_line (start -3 4.5) (end 13 4.5) (layer F.CrtYd) (width 0.05))
    (fp_line (start 13 4.5) (end 13 -7) (layer F.CrtYd) (width 0.05))
    (fp_line (start 13 -7) (end -3 -7) (layer F.CrtYd) (width 0.05))
    (fp_text user %R (at 5 3.25 90) (layer F.Fab)
      (effects (font (size 1 1) (thickness 0.15)))
    )
    (pad 1 thru_hole rect (at 0 0 90) (size 2.8 2.8) (drill 1.4) (layers *.Cu *.Mask)
      (net 2 /GND))
    (pad 2 thru_hole circle (at 5 0 90) (size 2.8 2.8) (drill 1.4) (layers *.Cu *.Mask)
      (net 1 /3.3V_VCC))
    (pad 3 thru_hole circle (at 10 0 90) (size 2.8 2.8) (drill 1.4) (layers *.Cu *.Mask)
      (net 14 "Net-(R1-Pad2)"))
    (model ${KISYS3DMOD}/TerminalBlock_MetzConnect.3dshapes/TerminalBlock_MetzConnect_Type011_RT05503HBWC_1x03_P5.00mm_Horizontal.wrl
      (at (xyz 0 0 0))
      (scale (xyz 1 1 1))
      (rotate (xyz 0 0 0))
    )
  )

  (gr_text "BZTG Oldenburg 2018 LED-Panel Rainer & Lutz" (at 99.06 103.886) (layer F.SilkS)
    (effects (font (size 2 1.5) (thickness 0.3)))
  )
  (gr_line (start 61.595 72.39) (end 135.89 72.39) (layer Edge.Cuts) (width 0.1))
  (gr_line (start 61.595 105.41) (end 61.595 72.39) (layer Edge.Cuts) (width 0.1))
  (gr_line (start 135.89 105.41) (end 61.595 105.41) (layer Edge.Cuts) (width 0.1))
  (gr_line (start 135.89 72.39) (end 135.89 105.41) (layer Edge.Cuts) (width 0.1))

  (via (at 132.715 75.565) (size 5) (drill 3) (layers F.Cu B.Cu) (net 0))
  (via (at 132.715 102.235) (size 5) (drill 3) (layers F.Cu B.Cu) (net 0))
  (via (at 64.77 75.565) (size 5) (drill 3) (layers F.Cu B.Cu) (net 0))
  (via (at 64.77 102.235) (size 5) (drill 3) (layers F.Cu B.Cu) (net 0))
  (segment (start 80.7306 79.7052) (end 85.074 84.0486) (width 1) (layer B.Cu) (net 3))
